32
6.3333335 42.25,11.541667 34.041668,11.958333 15.083334,7.4583335 6.791668,
6.4583335 41.291668,7.5416665 32.625,11.708333 28.0,16.583334 22.833334,19.041666 17.541666,15.041667 11.0,6.8333335 6.166668,
7.6666665 43.125,12.416667 41.0,24.166666 38.75,33.291668 38.208332,44.708332 38.791668,53.041668 40.458332,
6.5833335 43.041668,19.416666 39.5,34.125 35.041668,41.125 29.291668,49.916668 18.791666,
6.4583335 36.125,15.458333 29.541668,34.0 31.0,44.125 40.208332,51.5 44.875,
7.75 13.708334,22.458334 18.0,41.166668 18.833334,50.875 18.041666,37.666668 31.083332,15.708333 40.625,3.3333333 41.291668,
7.7083335 40.708332,17.875 34.125,37.791668 27.416666,50.166668 24.541666,
7.8333335 6.958332,12.208333 9.0,19.25 20.458334,16.208334 26.75,6.8333335 30.833332,19.666666 38.125,6.6666665 43.125,
7.7916665 43.125,12.583333 39.833332,18.416666 33.583332,29.208334 26.75,35.875 24.541666,42.041668 28.625,31.208334 37.333332,19.083334 35.541668,15.041667 28.083334,25.75 21.541666,36.833332 16.791666,48.5 13.208334,
8.666667 6.166668,17.541666 18.541666,32.625 31.833332,44.791668 39.583332,54.5 39.875,
7.375 20.333334,13.833333 20.041666,20.041666 21.541666,25.5 21.083334,25.166666 13.5,17.416666 13.541666,14.083333 21.75,19.291666 28.583334,30.916666 29.083332,39.208332 25.5,33.541668 16.75,24.791666 20.208334,25.125 30.791668,36.083332 35.875,48.666668 36.083332,
8.458333 42.125,15.583333 38.791668,28.833334 32.958332,37.125 27.666666,29.083334 26.708334,18.708334 25.458334,6.0833335 23.0,
27.958334 44.958332,25.666666 38.708332,23.333334 32.125,24.125 27.5,31.041666 24.041666,29.75 15.291666,22.541666 12.0,23.916666 3.291668,30.083334 0.5,
28.333334 44.666668,28.125 41.375,25.041666 36.583332,25.166666 25.25,31.791666 19.083334,37.625 13.333334,48.583332 9.958332,
29.625 44.833332,28.041666 35.458332,20.333334 20.125,13.75 18.166666,4.5833335 16.708334,
17.541666 44.666668,15.541667 40.875,15.208333 35.333332,17.75 32.208332,21.958334 29.875,35.375 29.208332,46.208332 36.208332,
16.791666 44.625,17.958334 36.333332,16.166666 33.25,12.458333 28.25,22.416666 23.916666,29.25 24.291666,24.958334 18.5,16.166666 15.5,6.2916665 13.5,
39.0 44.75,37.375 39.958332,29.958334 29.833332,15.125 34.041668,5.9583335 37.375,
41.708332 44.958332,36.791668 35.291668,23.291666 37.875,14.291667 40.416668,4.8333335 37.0,
38.291668 44.875,37.25 36.541668,46.583332 33.208332,
51.5 41.291668,26.208334 35.125,5.8333335 33.583332,
45.333332 44.666668,28.708334 35.458332,13.75 31.625,3.5416667 25.041666,
49.791668 33.166668,32.041668 26.916666,32.583332 22.541666,52.166668 18.583334,
8.708333 41.208332,24.291666 36.083332,22.458334 26.625,12.625 23.791666,26.541666 19.0,42.041668 29.833332,27.333334 39.875,11.916667 29.458332,22.625 13.166666,40.875 22.541666,33.791668 41.875,22.25 39.0,28.416666 22.041666,34.125 14.416666,12.708333 16.5,5.4583335 25.208334,50.458332 31.333332,
47.666668 43.041668,42.0 33.375,34.5 27.125,42.875 13.0,51.291668 10.875,
47.25 40.583332,37.666668 31.625,41.291668 17.875,32.083332 15.541666,21.25 13.5,6.8333335 12.458332,
46.875 39.375,36.166668 26.166666,42.166668 18.166666,52.208332 22.333334,44.0 33.5,28.125 33.833332,7.3333335 33.291668,
44.083332 44.625,41.791668 38.291668,42.625 23.791666,42.75 14.916666,42.25 2.458332,42.541668 0.45833206,
18.5 44.583332,6.4583335 23.166666,
37.875 44.625,19.375 0.29166794,
59.291668 34.458332,43.166668 30.041668,29.375 27.166666,13.916667 26.125,4.7916665 25.125,
7.25 17.791666,13.25 23.833334,13.583333 40.916668,27.875 41.916668,44.5 42.0,44.083332 19.125,43.333332 2.958332,11.708333 2.5,11.916667 35.625,41.291668 38.875,40.666668 7.625,14.791667 6.458332,15.583333 28.583334,38.083332 30.166668,36.875 16.958334,21.208334 18.291666,20.25 24.75,31.333334 24.333334,28.5 20.166666,22.416666 22.583334,27.041666 24.416666,27.458334 22.625,27.25 44.791668,61.375 42.166668,